STARTUP
SEND - REGISTER_REQUEST
RCV -- REGISTER_RESPONSE: my switchID=5
SEND - TOPOLOGY_UPDATE
RCV -- ROUTE_UPDATE, 255= invalid dest., 254 end of reachable destinations
DESTINATION:  0 |  1 |  2 |  3 |  4 |  5 |  6 |  7 |  8 |  9 | 10 | 11 | 12 | 13 | 14 | 15 | 16 | 17 | 18 | 19 | 20 | 21 | 22 | 23 | 24 | 25 | 26 | 27 | 28 | 29 | 30 |
NEXT HOP   :255 |255 |255 |255 |255 |  5 |254 |255 |255 |255 |255 |255 |255 |255 |255 |255 |255 |255 |255 |255 |255 |255 |255 |255 |255 |255 |255 |255 |255 |255 |255 |
RCV -- ROUTE_UPDATE, 255= invalid dest., 254 end of reachable destinations
DESTINATION:  0 |  1 |  2 |  3 |  4 |  5 |  6 |  7 |  8 |  9 | 10 | 11 | 12 | 13 | 14 | 15 | 16 | 17 | 18 | 19 | 20 | 21 | 22 | 23 | 24 | 25 | 26 | 27 | 28 | 29 | 30 |
NEXT HOP   :  2 |  2 |  2 |255 |255 |  5 |254 |255 |255 |255 |255 |255 |255 |255 |255 |255 |255 |255 |255 |255 |255 |255 |255 |255 |255 |255 |255 |255 |255 |255 |255 |
RCV -- ROUTE_UPDATE, 255= invalid dest., 254 end of reachable destinations
DESTINATION:  0 |  1 |  2 |  3 |  4 |  5 |  6 |  7 |  8 |  9 | 10 | 11 | 12 | 13 | 14 | 15 | 16 | 17 | 18 | 19 | 20 | 21 | 22 | 23 | 24 | 25 | 26 | 27 | 28 | 29 | 30 |
NEXT HOP   :  0 |  0 |  2 |255 |255 |  5 |254 |255 |255 |255 |255 |255 |255 |255 |255 |255 |255 |255 |255 |255 |255 |255 |255 |255 |255 |255 |255 |255 |255 |255 |255 |
RCV -- ROUTE_UPDATE, 255= invalid dest., 254 end of reachable destinations
DESTINATION:  0 |  1 |  2 |  3 |  4 |  5 |  6 |  7 |  8 |  9 | 10 | 11 | 12 | 13 | 14 | 15 | 16 | 17 | 18 | 19 | 20 | 21 | 22 | 23 | 24 | 25 | 26 | 27 | 28 | 29 | 30 |
NEXT HOP   :  0 |  0 |  2 |255 |255 |  5 |254 |255 |255 |255 |255 |255 |255 |255 |255 |255 |255 |255 |255 |255 |255 |255 |255 |255 |255 |255 |255 |255 |255 |255 |255 |
RCV -- ROUTE_UPDATE, 255= invalid dest., 254 end of reachable destinations
DESTINATION:  0 |  1 |  2 |  3 |  4 |  5 |  6 |  7 |  8 |  9 | 10 | 11 | 12 | 13 | 14 | 15 | 16 | 17 | 18 | 19 | 20 | 21 | 22 | 23 | 24 | 25 | 26 | 27 | 28 | 29 | 30 |
NEXT HOP   :  0 |  0 |  2 |255 |  0 |  5 |254 |255 |255 |255 |255 |255 |255 |255 |255 |255 |255 |255 |255 |255 |255 |255 |255 |255 |255 |255 |255 |255 |255 |255 |255 |
SEND - TOPOLOGY_UPDATE
RCV -- ROUTE_UPDATE, 255= invalid dest., 254 end of reachable destinations
DESTINATION:  0 |  1 |  2 |  3 |  4 |  5 |  6 |  7 |  8 |  9 | 10 | 11 | 12 | 13 | 14 | 15 | 16 | 17 | 18 | 19 | 20 | 21 | 22 | 23 | 24 | 25 | 26 | 27 | 28 | 29 | 30 |
NEXT HOP   :  0 |  0 |  2 |255 |  0 |  5 |254 |255 |255 |255 |255 |255 |255 |255 |255 |255 |255 |255 |255 |255 |255 |255 |255 |255 |255 |255 |255 |255 |255 |255 |255 |
RCV -- ROUTE_UPDATE, 255= invalid dest., 254 end of reachable destinations
DESTINATION:  0 |  1 |  2 |  3 |  4 |  5 |  6 |  7 |  8 |  9 | 10 | 11 | 12 | 13 | 14 | 15 | 16 | 17 | 18 | 19 | 20 | 21 | 22 | 23 | 24 | 25 | 26 | 27 | 28 | 29 | 30 |
NEXT HOP   :  0 |  0 |  2 |  0 |  0 |  5 |254 |255 |255 |255 |255 |255 |255 |255 |255 |255 |255 |255 |255 |255 |255 |255 |255 |255 |255 |255 |255 |255 |255 |255 |255 |
RCV -- ROUTE_UPDATE, 255= invalid dest., 254 end of reachable destinations
DESTINATION:  0 |  1 |  2 |  3 |  4 |  5 |  6 |  7 |  8 |  9 | 10 | 11 | 12 | 13 | 14 | 15 | 16 | 17 | 18 | 19 | 20 | 21 | 22 | 23 | 24 | 25 | 26 | 27 | 28 | 29 | 30 |
NEXT HOP   :  0 |  0 |  2 |  0 |  0 |  5 |254 |255 |255 |255 |255 |255 |255 |255 |255 |255 |255 |255 |255 |255 |255 |255 |255 |255 |255 |255 |255 |255 |255 |255 |255 |
RCV -- ROUTE_UPDATE, 255= invalid dest., 254 end of reachable destinations
DESTINATION:  0 |  1 |  2 |  3 |  4 |  5 |  6 |  7 |  8 |  9 | 10 | 11 | 12 | 13 | 14 | 15 | 16 | 17 | 18 | 19 | 20 | 21 | 22 | 23 | 24 | 25 | 26 | 27 | 28 | 29 | 30 |
NEXT HOP   :  0 |  0 |  2 |  2 |  0 |  5 |254 |255 |255 |255 |255 |255 |255 |255 |255 |255 |255 |255 |255 |255 |255 |255 |255 |255 |255 |255 |255 |255 |255 |255 |255 |
SEND - TOPOLOGY_UPDATE
RCV -- ROUTE_UPDATE, 255= invalid dest., 254 end of reachable destinations
DESTINATION:  0 |  1 |  2 |  3 |  4 |  5 |  6 |  7 |  8 |  9 | 10 | 11 | 12 | 13 | 14 | 15 | 16 | 17 | 18 | 19 | 20 | 21 | 22 | 23 | 24 | 25 | 26 | 27 | 28 | 29 | 30 |
NEXT HOP   :  0 |  0 |  2 |  0 |  0 |  5 |254 |255 |255 |255 |255 |255 |255 |255 |255 |255 |255 |255 |255 |255 |255 |255 |255 |255 |255 |255 |255 |255 |255 |255 |255 |
RCV -- ROUTE_UPDATE, 255= invalid dest., 254 end of reachable destinations
DESTINATION:  0 |  1 |  2 |  3 |  4 |  5 |  6 |  7 |  8 |  9 | 10 | 11 | 12 | 13 | 14 | 15 | 16 | 17 | 18 | 19 | 20 | 21 | 22 | 23 | 24 | 25 | 26 | 27 | 28 | 29 | 30 |
NEXT HOP   :  0 |  0 |  2 |  0 |  0 |  5 |254 |255 |255 |255 |255 |255 |255 |255 |255 |255 |255 |255 |255 |255 |255 |255 |255 |255 |255 |255 |255 |255 |255 |255 |255 |
RCV -- ROUTE_UPDATE, 255= invalid dest., 254 end of reachable destinations
DESTINATION:  0 |  1 |  2 |  3 |  4 |  5 |  6 |  7 |  8 |  9 | 10 | 11 | 12 | 13 | 14 | 15 | 16 | 17 | 18 | 19 | 20 | 21 | 22 | 23 | 24 | 25 | 26 | 27 | 28 | 29 | 30 |
NEXT HOP   :  0 |  0 |  2 |  2 |  0 |  5 |254 |255 |255 |255 |255 |255 |255 |255 |255 |255 |255 |255 |255 |255 |255 |255 |255 |255 |255 |255 |255 |255 |255 |255 |255 |
SEND - TOPOLOGY_UPDATE
RCV -- ROUTE_UPDATE, 255= invalid dest., 254 end of reachable destinations
DESTINATION:  0 |  1 |  2 |  3 |  4 |  5 |  6 |  7 |  8 |  9 | 10 | 11 | 12 | 13 | 14 | 15 | 16 | 17 | 18 | 19 | 20 | 21 | 22 | 23 | 24 | 25 | 26 | 27 | 28 | 29 | 30 |
NEXT HOP   :  0 |  0 |  2 |  0 |  0 |  5 |254 |255 |255 |255 |255 |255 |255 |255 |255 |255 |255 |255 |255 |255 |255 |255 |255 |255 |255 |255 |255 |255 |255 |255 |255 |
RCV -- ROUTE_UPDATE, 255= invalid dest., 254 end of reachable destinations
DESTINATION:  0 |  1 |  2 |  3 |  4 |  5 |  6 |  7 |  8 |  9 | 10 | 11 | 12 | 13 | 14 | 15 | 16 | 17 | 18 | 19 | 20 | 21 | 22 | 23 | 24 | 25 | 26 | 27 | 28 | 29 | 30 |
NEXT HOP   :  0 |  0 |  2 |  0 |  0 |  5 |254 |255 |255 |255 |255 |255 |255 |255 |255 |255 |255 |255 |255 |255 |255 |255 |255 |255 |255 |255 |255 |255 |255 |255 |255 |
RCV -- ROUTE_UPDATE, 255= invalid dest., 254 end of reachable destinations
DESTINATION:  0 |  1 |  2 |  3 |  4 |  5 |  6 |  7 |  8 |  9 | 10 | 11 | 12 | 13 | 14 | 15 | 16 | 17 | 18 | 19 | 20 | 21 | 22 | 23 | 24 | 25 | 26 | 27 | 28 | 29 | 30 |
NEXT HOP   :  0 |  0 |  2 |  2 |  0 |  5 |254 |255 |255 |255 |255 |255 |255 |255 |255 |255 |255 |255 |255 |255 |255 |255 |255 |255 |255 |255 |255 |255 |255 |255 |255 |
SEND - TOPOLOGY_UPDATE
SEND - TOPOLOGY_UPDATE
SEND - TOPOLOGY_UPDATE
RCV -- ROUTE_UPDATE, 255= invalid dest., 254 end of reachable destinations
DESTINATION:  0 |  1 |  2 |  3 |  4 |  5 |  6 |  7 |  8 |  9 | 10 | 11 | 12 | 13 | 14 | 15 | 16 | 17 | 18 | 19 | 20 | 21 | 22 | 23 | 24 | 25 | 26 | 27 | 28 | 29 | 30 |
NEXT HOP   :  0 |  0 |  2 |  2 |  0 |  5 |254 |255 |255 |255 |255 |255 |255 |255 |255 |255 |255 |255 |255 |255 |255 |255 |255 |255 |255 |255 |255 |255 |255 |255 |255 |
RCV -- ROUTE_UPDATE, 255= invalid dest., 254 end of reachable destinations
DESTINATION:  0 |  1 |  2 |  3 |  4 |  5 |  6 |  7 |  8 |  9 | 10 | 11 | 12 | 13 | 14 | 15 | 16 | 17 | 18 | 19 | 20 | 21 | 22 | 23 | 24 | 25 | 26 | 27 | 28 | 29 | 30 |
NEXT HOP   :  0 |  0 |  2 |  0 |  0 |  5 |254 |255 |255 |255 |255 |255 |255 |255 |255 |255 |255 |255 |255 |255 |255 |255 |255 |255 |255 |255 |255 |255 |255 |255 |255 |
RCV -- ROUTE_UPDATE, 255= invalid dest., 254 end of reachable destinations
DESTINATION:  0 |  1 |  2 |  3 |  4 |  5 |  6 |  7 |  8 |  9 | 10 | 11 | 12 | 13 | 14 | 15 | 16 | 17 | 18 | 19 | 20 | 21 | 22 | 23 | 24 | 25 | 26 | 27 | 28 | 29 | 30 |
NEXT HOP   :  0 |  0 |  2 |  2 |  0 |  5 |254 |255 |255 |255 |255 |255 |255 |255 |255 |255 |255 |255 |255 |255 |255 |255 |255 |255 |255 |255 |255 |255 |255 |255 |255 |
SEND - TOPOLOGY_UPDATE
RCV -- ROUTE_UPDATE, 255= invalid dest., 254 end of reachable destinations
DESTINATION:  0 |  1 |  2 |  3 |  4 |  5 |  6 |  7 |  8 |  9 | 10 | 11 | 12 | 13 | 14 | 15 | 16 | 17 | 18 | 19 | 20 | 21 | 22 | 23 | 24 | 25 | 26 | 27 | 28 | 29 | 30 |
NEXT HOP   :  0 |  0 |  2 |  0 |  0 |  5 |254 |255 |255 |255 |255 |255 |255 |255 |255 |255 |255 |255 |255 |255 |255 |255 |255 |255 |255 |255 |255 |255 |255 |255 |255 |
RCV -- ROUTE_UPDATE, 255= invalid dest., 254 end of reachable destinations
DESTINATION:  0 |  1 |  2 |  3 |  4 |  5 |  6 |  7 |  8 |  9 | 10 | 11 | 12 | 13 | 14 | 15 | 16 | 17 | 18 | 19 | 20 | 21 | 22 | 23 | 24 | 25 | 26 | 27 | 28 | 29 | 30 |
NEXT HOP   :  0 |  0 |  2 |  2 |  0 |  5 |254 |255 |255 |255 |255 |255 |255 |255 |255 |255 |255 |255 |255 |255 |255 |255 |255 |255 |255 |255 |255 |255 |255 |255 |255 |
SEND - TOPOLOGY_UPDATE
RCV -- ROUTE_UPDATE, 255= invalid dest., 254 end of reachable destinations
DESTINATION:  0 |  1 |  2 |  3 |  4 |  5 |  6 |  7 |  8 |  9 | 10 | 11 | 12 | 13 | 14 | 15 | 16 | 17 | 18 | 19 | 20 | 21 | 22 | 23 | 24 | 25 | 26 | 27 | 28 | 29 | 30 |
NEXT HOP   :  0 |  0 |  2 |  0 |  0 |  5 |254 |255 |255 |255 |255 |255 |255 |255 |255 |255 |255 |255 |255 |255 |255 |255 |255 |255 |255 |255 |255 |255 |255 |255 |255 |
RCV -- ROUTE_UPDATE, 255= invalid dest., 254 end of reachable destinations
DESTINATION:  0 |  1 |  2 |  3 |  4 |  5 |  6 |  7 |  8 |  9 | 10 | 11 | 12 | 13 | 14 | 15 | 16 | 17 | 18 | 19 | 20 | 21 | 22 | 23 | 24 | 25 | 26 | 27 | 28 | 29 | 30 |
NEXT HOP   :  0 |  0 |  2 |  2 |  0 |  5 |254 |255 |255 |255 |255 |255 |255 |255 |255 |255 |255 |255 |255 |255 |255 |255 |255 |255 |255 |255 |255 |255 |255 |255 |255 |
SEND - TOPOLOGY_UPDATE
SEND - TOPOLOGY_UPDATE
SEND - TOPOLOGY_UPDATE
SEND - TOPOLOGY_UPDATE
SEND - TOPOLOGY_UPDATE
SEND - TOPOLOGY_UPDATE
SEND - TOPOLOGY_UPDATE
RCV -- ROUTE_UPDATE, 255= invalid dest., 254 end of reachable destinations
DESTINATION:  0 |  1 |  2 |  3 |  4 |  5 |  6 |  7 |  8 |  9 | 10 | 11 | 12 | 13 | 14 | 15 | 16 | 17 | 18 | 19 | 20 | 21 | 22 | 23 | 24 | 25 | 26 | 27 | 28 | 29 | 30 |
NEXT HOP   :  0 |  0 |  2 |  2 |  0 |  5 |254 |255 |255 |255 |255 |255 |255 |255 |255 |255 |255 |255 |255 |255 |255 |255 |255 |255 |255 |255 |255 |255 |255 |255 |255 |
RCV -- ROUTE_UPDATE, 255= invalid dest., 254 end of reachable destinations
DESTINATION:  0 |  1 |  2 |  3 |  4 |  5 |  6 |  7 |  8 |  9 | 10 | 11 | 12 | 13 | 14 | 15 | 16 | 17 | 18 | 19 | 20 | 21 | 22 | 23 | 24 | 25 | 26 | 27 | 28 | 29 | 30 |
NEXT HOP   :  0 |  0 |255 |255 |  0 |  5 |254 |255 |255 |255 |255 |255 |255 |255 |255 |255 |255 |255 |255 |255 |255 |255 |255 |255 |255 |255 |255 |255 |255 |255 |255 |
RCV -- ROUTE_UPDATE, 255= invalid dest., 254 end of reachable destinations
DESTINATION:  0 |  1 |  2 |  3 |  4 |  5 |  6 |  7 |  8 |  9 | 10 | 11 | 12 | 13 | 14 | 15 | 16 | 17 | 18 | 19 | 20 | 21 | 22 | 23 | 24 | 25 | 26 | 27 | 28 | 29 | 30 |
NEXT HOP   :  0 |  0 |255 |255 |  0 |  5 |254 |255 |255 |255 |255 |255 |255 |255 |255 |255 |255 |255 |255 |255 |255 |255 |255 |255 |255 |255 |255 |255 |255 |255 |255 |
RCV -- ROUTE_UPDATE, 255= invalid dest., 254 end of reachable destinations
DESTINATION:  0 |  1 |  2 |  3 |  4 |  5 |  6 |  7 |  8 |  9 | 10 | 11 | 12 | 13 | 14 | 15 | 16 | 17 | 18 | 19 | 20 | 21 | 22 | 23 | 24 | 25 | 26 | 27 | 28 | 29 | 30 |
NEXT HOP   :  0 |  0 |255 |255 |  0 |  5 |254 |255 |255 |255 |255 |255 |255 |255 |255 |255 |255 |255 |255 |255 |255 |255 |255 |255 |255 |255 |255 |255 |255 |255 |255 |
SEND - TOPOLOGY_UPDATE
RCV -- ROUTE_UPDATE, 255= invalid dest., 254 end of reachable destinations
DESTINATION:  0 |  1 |  2 |  3 |  4 |  5 |  6 |  7 |  8 |  9 | 10 | 11 | 12 | 13 | 14 | 15 | 16 | 17 | 18 | 19 | 20 | 21 | 22 | 23 | 24 | 25 | 26 | 27 | 28 | 29 | 30 |
NEXT HOP   :  0 |  0 |255 |255 |255 |  5 |254 |255 |255 |255 |255 |255 |255 |255 |255 |255 |255 |255 |255 |255 |255 |255 |255 |255 |255 |255 |255 |255 |255 |255 |255 |
RCV -- ROUTE_UPDATE, 255= invalid dest., 254 end of reachable destinations
DESTINATION:  0 |  1 |  2 |  3 |  4 |  5 |  6 |  7 |  8 |  9 | 10 | 11 | 12 | 13 | 14 | 15 | 16 | 17 | 18 | 19 | 20 | 21 | 22 | 23 | 24 | 25 | 26 | 27 | 28 | 29 | 30 |
NEXT HOP   :  0 |  0 |255 |255 |255 |  5 |254 |255 |255 |255 |255 |255 |255 |255 |255 |255 |255 |255 |255 |255 |255 |255 |255 |255 |255 |255 |255 |255 |255 |255 |255 |
RCV -- ROUTE_UPDATE, 255= invalid dest., 254 end of reachable destinations
DESTINATION:  0 |  1 |  2 |  3 |  4 |  5 |  6 |  7 |  8 |  9 | 10 | 11 | 12 | 13 | 14 | 15 | 16 | 17 | 18 | 19 | 20 | 21 | 22 | 23 | 24 | 25 | 26 | 27 | 28 | 29 | 30 |
NEXT HOP   :  0 |  0 |255 |255 |255 |  5 |254 |255 |255 |255 |255 |255 |255 |255 |255 |255 |255 |255 |255 |255 |255 |255 |255 |255 |255 |255 |255 |255 |255 |255 |255 |
RCV -- ROUTE_UPDATE, 255= invalid dest., 254 end of reachable destinations
DESTINATION:  0 |  1 |  2 |  3 |  4 |  5 |  6 |  7 |  8 |  9 | 10 | 11 | 12 | 13 | 14 | 15 | 16 | 17 | 18 | 19 | 20 | 21 | 22 | 23 | 24 | 25 | 26 | 27 | 28 | 29 | 30 |
NEXT HOP   :  0 |  0 |255 |255 |  0 |  5 |254 |255 |255 |255 |255 |255 |255 |255 |255 |255 |255 |255 |255 |255 |255 |255 |255 |255 |255 |255 |255 |255 |255 |255 |255 |
RCV -- ROUTE_UPDATE, 255= invalid dest., 254 end of reachable destinations
DESTINATION:  0 |  1 |  2 |  3 |  4 |  5 |  6 |  7 |  8 |  9 | 10 | 11 | 12 | 13 | 14 | 15 | 16 | 17 | 18 | 19 | 20 | 21 | 22 | 23 | 24 | 25 | 26 | 27 | 28 | 29 | 30 |
NEXT HOP   :  0 |  0 |255 |  0 |  0 |  5 |254 |255 |255 |255 |255 |255 |255 |255 |255 |255 |255 |255 |255 |255 |255 |255 |255 |255 |255 |255 |255 |255 |255 |255 |255 |
SEND - TOPOLOGY_UPDATE
RCV -- ROUTE_UPDATE, 255= invalid dest., 254 end of reachable destinations
DESTINATION:  0 |  1 |  2 |  3 |  4 |  5 |  6 |  7 |  8 |  9 | 10 | 11 | 12 | 13 | 14 | 15 | 16 | 17 | 18 | 19 | 20 | 21 | 22 | 23 | 24 | 25 | 26 | 27 | 28 | 29 | 30 |
NEXT HOP   :  0 |  0 |255 |255 |  0 |  5 |254 |255 |255 |255 |255 |255 |255 |255 |255 |255 |255 |255 |255 |255 |255 |255 |255 |255 |255 |255 |255 |255 |255 |255 |255 |
SEND - TOPOLOGY_UPDATE
RCV -- ROUTE_UPDATE, 255= invalid dest., 254 end of reachable destinations
DESTINATION:  0 |  1 |  2 |  3 |  4 |  5 |  6 |  7 |  8 |  9 | 10 | 11 | 12 | 13 | 14 | 15 | 16 | 17 | 18 | 19 | 20 | 21 | 22 | 23 | 24 | 25 | 26 | 27 | 28 | 29 | 30 |
NEXT HOP   :  0 |  0 |255 |255 |  0 |  5 |254 |255 |255 |255 |255 |255 |255 |255 |255 |255 |255 |255 |255 |255 |255 |255 |255 |255 |255 |255 |255 |255 |255 |255 |255 |
RCV -- ROUTE_UPDATE, 255= invalid dest., 254 end of reachable destinations
DESTINATION:  0 |  1 |  2 |  3 |  4 |  5 |  6 |  7 |  8 |  9 | 10 | 11 | 12 | 13 | 14 | 15 | 16 | 17 | 18 | 19 | 20 | 21 | 22 | 23 | 24 | 25 | 26 | 27 | 28 | 29 | 30 |
NEXT HOP   :  0 |  0 |  2 |  2 |  0 |  5 |254 |255 |255 |255 |255 |255 |255 |255 |255 |255 |255 |255 |255 |255 |255 |255 |255 |255 |255 |255 |255 |255 |255 |255 |255 |
RCV -- ROUTE_UPDATE, 255= invalid dest., 254 end of reachable destinations
DESTINATION:  0 |  1 |  2 |  3 |  4 |  5 |  6 |  7 |  8 |  9 | 10 | 11 | 12 | 13 | 14 | 15 | 16 | 17 | 18 | 19 | 20 | 21 | 22 | 23 | 24 | 25 | 26 | 27 | 28 | 29 | 30 |
NEXT HOP   :  0 |  0 |  2 |  2 |  0 |  5 |254 |255 |255 |255 |255 |255 |255 |255 |255 |255 |255 |255 |255 |255 |255 |255 |255 |255 |255 |255 |255 |255 |255 |255 |255 |
RCV -- ROUTE_UPDATE, 255= invalid dest., 254 end of reachable destinations
DESTINATION:  0 |  1 |  2 |  3 |  4 |  5 |  6 |  7 |  8 |  9 | 10 | 11 | 12 | 13 | 14 | 15 | 16 | 17 | 18 | 19 | 20 | 21 | 22 | 23 | 24 | 25 | 26 | 27 | 28 | 29 | 30 |
NEXT HOP   :  0 |  0 |  2 |  2 |  0 |  5 |254 |255 |255 |255 |255 |255 |255 |255 |255 |255 |255 |255 |255 |255 |255 |255 |255 |255 |255 |255 |255 |255 |255 |255 |255 |
RCV -- ROUTE_UPDATE, 255= invalid dest., 254 end of reachable destinations
DESTINATION:  0 |  1 |  2 |  3 |  4 |  5 |  6 |  7 |  8 |  9 | 10 | 11 | 12 | 13 | 14 | 15 | 16 | 17 | 18 | 19 | 20 | 21 | 22 | 23 | 24 | 25 | 26 | 27 | 28 | 29 | 30 |
NEXT HOP   :  0 |  0 |  2 |  0 |  0 |  5 |254 |255 |255 |255 |255 |255 |255 |255 |255 |255 |255 |255 |255 |255 |255 |255 |255 |255 |255 |255 |255 |255 |255 |255 |255 |
SEND - TOPOLOGY_UPDATE
RCV -- ROUTE_UPDATE, 255= invalid dest., 254 end of reachable destinations
DESTINATION:  0 |  1 |  2 |  3 |  4 |  5 |  6 |  7 |  8 |  9 | 10 | 11 | 12 | 13 | 14 | 15 | 16 | 17 | 18 | 19 | 20 | 21 | 22 | 23 | 24 | 25 | 26 | 27 | 28 | 29 | 30 |
NEXT HOP   :  0 |  0 |  2 |  2 |  0 |  5 |254 |255 |255 |255 |255 |255 |255 |255 |255 |255 |255 |255 |255 |255 |255 |255 |255 |255 |255 |255 |255 |255 |255 |255 |255 |
SEND - TOPOLOGY_UPDATE
RCV -- ROUTE_UPDATE, 255= invalid dest., 254 end of reachable destinations
DESTINATION:  0 |  1 |  2 |  3 |  4 |  5 |  6 |  7 |  8 |  9 | 10 | 11 | 12 | 13 | 14 | 15 | 16 | 17 | 18 | 19 | 20 | 21 | 22 | 23 | 24 | 25 | 26 | 27 | 28 | 29 | 30 |
NEXT HOP   :  0 |  0 |  2 |  0 |  0 |  5 |254 |255 |255 |255 |255 |255 |255 |255 |255 |255 |255 |255 |255 |255 |255 |255 |255 |255 |255 |255 |255 |255 |255 |255 |255 |
RCV -- ROUTE_UPDATE, 255= invalid dest., 254 end of reachable destinations
DESTINATION:  0 |  1 |  2 |  3 |  4 |  5 |  6 |  7 |  8 |  9 | 10 | 11 | 12 | 13 | 14 | 15 | 16 | 17 | 18 | 19 | 20 | 21 | 22 | 23 | 24 | 25 | 26 | 27 | 28 | 29 | 30 |
NEXT HOP   :  0 |  0 |  2 |  2 |  0 |  5 |254 |255 |255 |255 |255 |255 |255 |255 |255 |255 |255 |255 |255 |255 |255 |255 |255 |255 |255 |255 |255 |255 |255 |255 |255 |
SEND - TOPOLOGY_UPDATE
RCV -- ROUTE_UPDATE, 255= invalid dest., 254 end of reachable destinations
DESTINATION:  0 |  1 |  2 |  3 |  4 |  5 |  6 |  7 |  8 |  9 | 10 | 11 | 12 | 13 | 14 | 15 | 16 | 17 | 18 | 19 | 20 | 21 | 22 | 23 | 24 | 25 | 26 | 27 | 28 | 29 | 30 |
NEXT HOP   :  0 |  0 |  2 |  2 |  0 |  5 |254 |255 |255 |255 |255 |255 |255 |255 |255 |255 |255 |255 |255 |255 |255 |255 |255 |255 |255 |255 |255 |255 |255 |255 |255 |
RCV -- ROUTE_UPDATE, 255= invalid dest., 254 end of reachable destinations
DESTINATION:  0 |  1 |  2 |  3 |  4 |  5 |  6 |  7 |  8 |  9 | 10 | 11 | 12 | 13 | 14 | 15 | 16 | 17 | 18 | 19 | 20 | 21 | 22 | 23 | 24 | 25 | 26 | 27 | 28 | 29 | 30 |
NEXT HOP   :  0 |  0 |  2 |  0 |  0 |  5 |254 |255 |255 |255 |255 |255 |255 |255 |255 |255 |255 |255 |255 |255 |255 |255 |255 |255 |255 |255 |255 |255 |255 |255 |255 |
SEND - TOPOLOGY_UPDATE
RCV -- ROUTE_UPDATE, 255= invalid dest., 254 end of reachable destinations
DESTINATION:  0 |  1 |  2 |  3 |  4 |  5 |  6 |  7 |  8 |  9 | 10 | 11 | 12 | 13 | 14 | 15 | 16 | 17 | 18 | 19 | 20 | 21 | 22 | 23 | 24 | 25 | 26 | 27 | 28 | 29 | 30 |
NEXT HOP   :  0 |  0 |  2 |  2 |  0 |  5 |254 |255 |255 |255 |255 |255 |255 |255 |255 |255 |255 |255 |255 |255 |255 |255 |255 |255 |255 |255 |255 |255 |255 |255 |255 |
RCV -- ROUTE_UPDATE, 255= invalid dest., 254 end of reachable destinations
DESTINATION:  0 |  1 |  2 |  3 |  4 |  5 |  6 |  7 |  8 |  9 | 10 | 11 | 12 | 13 | 14 | 15 | 16 | 17 | 18 | 19 | 20 | 21 | 22 | 23 | 24 | 25 | 26 | 27 | 28 | 29 | 30 |
NEXT HOP   :  0 |  0 |  2 |  0 |  0 |  5 |254 |255 |255 |255 |255 |255 |255 |255 |255 |255 |255 |255 |255 |255 |255 |255 |255 |255 |255 |255 |255 |255 |255 |255 |255 |
SEND - TOPOLOGY_UPDATE
RCV -- ROUTE_UPDATE, 255= invalid dest., 254 end of reachable destinations
DESTINATION:  0 |  1 |  2 |  3 |  4 |  5 |  6 |  7 |  8 |  9 | 10 | 11 | 12 | 13 | 14 | 15 | 16 | 17 | 18 | 19 | 20 | 21 | 22 | 23 | 24 | 25 | 26 | 27 | 28 | 29 | 30 |
NEXT HOP   :  0 |  0 |  2 |  2 |  0 |  5 |254 |255 |255 |255 |255 |255 |255 |255 |255 |255 |255 |255 |255 |255 |255 |255 |255 |255 |255 |255 |255 |255 |255 |255 |255 |
RCV -- ROUTE_UPDATE, 255= invalid dest., 254 end of reachable destinations
DESTINATION:  0 |  1 |  2 |  3 |  4 |  5 |  6 |  7 |  8 |  9 | 10 | 11 | 12 | 13 | 14 | 15 | 16 | 17 | 18 | 19 | 20 | 21 | 22 | 23 | 24 | 25 | 26 | 27 | 28 | 29 | 30 |
NEXT HOP   :  0 |  0 |  2 |  0 |  0 |  5 |254 |255 |255 |255 |255 |255 |255 |255 |255 |255 |255 |255 |255 |255 |255 |255 |255 |255 |255 |255 |255 |255 |255 |255 |255 |
SEND - TOPOLOGY_UPDATE
RCV -- ROUTE_UPDATE, 255= invalid dest., 254 end of reachable destinations
DESTINATION:  0 |  1 |  2 |  3 |  4 |  5 |  6 |  7 |  8 |  9 | 10 | 11 | 12 | 13 | 14 | 15 | 16 | 17 | 18 | 19 | 20 | 21 | 22 | 23 | 24 | 25 | 26 | 27 | 28 | 29 | 30 |
NEXT HOP   :  0 |  0 |  2 |  2 |  0 |  5 |254 |255 |255 |255 |255 |255 |255 |255 |255 |255 |255 |255 |255 |255 |255 |255 |255 |255 |255 |255 |255 |255 |255 |255 |255 |
SEND - TOPOLOGY_UPDATE
SEND - TOPOLOGY_UPDATE
SEND - TOPOLOGY_UPDATE
SEND - TOPOLOGY_UPDATE
SEND - TOPOLOGY_UPDATE
SEND - TOPOLOGY_UPDATE
RCV -- ROUTE_UPDATE, 255= invalid dest., 254 end of reachable destinations
DESTINATION:  0 |  1 |  2 |  3 |  4 |  5 |  6 |  7 |  8 |  9 | 10 | 11 | 12 | 13 | 14 | 15 | 16 | 17 | 18 | 19 | 20 | 21 | 22 | 23 | 24 | 25 | 26 | 27 | 28 | 29 | 30 |
NEXT HOP   :  0 |  2 |  2 |  2 |  2 |  5 |254 |255 |255 |255 |255 |255 |255 |255 |255 |255 |255 |255 |255 |255 |255 |255 |255 |255 |255 |255 |255 |255 |255 |255 |255 |
RCV -- ROUTE_UPDATE, 255= invalid dest., 254 end of reachable destinations
DESTINATION:  0 |  1 |  2 |  3 |  4 |  5 |  6 |  7 |  8 |  9 | 10 | 11 | 12 | 13 | 14 | 15 | 16 | 17 | 18 | 19 | 20 | 21 | 22 | 23 | 24 | 25 | 26 | 27 | 28 | 29 | 30 |
NEXT HOP   :255 |  2 |  2 |  2 |  2 |  5 |254 |255 |255 |255 |255 |255 |255 |255 |255 |255 |255 |255 |255 |255 |255 |255 |255 |255 |255 |255 |255 |255 |255 |255 |255 |
RCV -- ROUTE_UPDATE, 255= invalid dest., 254 end of reachable destinations
DESTINATION:  0 |  1 |  2 |  3 |  4 |  5 |  6 |  7 |  8 |  9 | 10 | 11 | 12 | 13 | 14 | 15 | 16 | 17 | 18 | 19 | 20 | 21 | 22 | 23 | 24 | 25 | 26 | 27 | 28 | 29 | 30 |
NEXT HOP   :255 |  2 |  2 |  2 |  2 |  5 |254 |255 |255 |255 |255 |255 |255 |255 |255 |255 |255 |255 |255 |255 |255 |255 |255 |255 |255 |255 |255 |255 |255 |255 |255 |
SEND - TOPOLOGY_UPDATE
SEND - TOPOLOGY_UPDATE
SEND - TOPOLOGY_UPDATE
SEND - TOPOLOGY_UPDATE
SEND - TOPOLOGY_UPDATE
SEND - TOPOLOGY_UPDATE
SEND - TOPOLOGY_UPDATE
SEND - TOPOLOGY_UPDATE
SEND - TOPOLOGY_UPDATE
SEND - TOPOLOGY_UPDATE
RCV -- ROUTE_UPDATE, 255= invalid dest., 254 end of reachable destinations
DESTINATION:  0 |  1 |  2 |  3 |  4 |  5 |  6 |  7 |  8 |  9 | 10 | 11 | 12 | 13 | 14 | 15 | 16 | 17 | 18 | 19 | 20 | 21 | 22 | 23 | 24 | 25 | 26 | 27 | 28 | 29 | 30 |
NEXT HOP   :255 |  2 |  2 |  2 |  2 |  5 |254 |255 |255 |255 |255 |255 |255 |255 |255 |255 |255 |255 |255 |255 |255 |255 |255 |255 |255 |255 |255 |255 |255 |255 |255 |
RCV -- ROUTE_UPDATE, 255= invalid dest., 254 end of reachable destinations
DESTINATION:  0 |  1 |  2 |  3 |  4 |  5 |  6 |  7 |  8 |  9 | 10 | 11 | 12 | 13 | 14 | 15 | 16 | 17 | 18 | 19 | 20 | 21 | 22 | 23 | 24 | 25 | 26 | 27 | 28 | 29 | 30 |
NEXT HOP   :  2 |  2 |  2 |  2 |  2 |  5 |254 |255 |255 |255 |255 |255 |255 |255 |255 |255 |255 |255 |255 |255 |255 |255 |255 |255 |255 |255 |255 |255 |255 |255 |255 |
RCV -- ROUTE_UPDATE, 255= invalid dest., 254 end of reachable destinations
DESTINATION:  0 |  1 |  2 |  3 |  4 |  5 |  6 |  7 |  8 |  9 | 10 | 11 | 12 | 13 | 14 | 15 | 16 | 17 | 18 | 19 | 20 | 21 | 22 | 23 | 24 | 25 | 26 | 27 | 28 | 29 | 30 |
NEXT HOP   :  0 |  0 |  2 |  0 |  0 |  5 |254 |255 |255 |255 |255 |255 |255 |255 |255 |255 |255 |255 |255 |255 |255 |255 |255 |255 |255 |255 |255 |255 |255 |255 |255 |
SEND - TOPOLOGY_UPDATE
RCV -- ROUTE_UPDATE, 255= invalid dest., 254 end of reachable destinations
DESTINATION:  0 |  1 |  2 |  3 |  4 |  5 |  6 |  7 |  8 |  9 | 10 | 11 | 12 | 13 | 14 | 15 | 16 | 17 | 18 | 19 | 20 | 21 | 22 | 23 | 24 | 25 | 26 | 27 | 28 | 29 | 30 |
NEXT HOP   :  0 |  0 |  2 |  2 |  0 |  5 |254 |255 |255 |255 |255 |255 |255 |255 |255 |255 |255 |255 |255 |255 |255 |255 |255 |255 |255 |255 |255 |255 |255 |255 |255 |
RCV -- ROUTE_UPDATE, 255= invalid dest., 254 end of reachable destinations
DESTINATION:  0 |  1 |  2 |  3 |  4 |  5 |  6 |  7 |  8 |  9 | 10 | 11 | 12 | 13 | 14 | 15 | 16 | 17 | 18 | 19 | 20 | 21 | 22 | 23 | 24 | 25 | 26 | 27 | 28 | 29 | 30 |
NEXT HOP   :  0 |  0 |  2 |  0 |  0 |  5 |254 |255 |255 |255 |255 |255 |255 |255 |255 |255 |255 |255 |255 |255 |255 |255 |255 |255 |255 |255 |255 |255 |255 |255 |255 |
SEND - TOPOLOGY_UPDATE
RCV -- ROUTE_UPDATE, 255= invalid dest., 254 end of reachable destinations
DESTINATION:  0 |  1 |  2 |  3 |  4 |  5 |  6 |  7 |  8 |  9 | 10 | 11 | 12 | 13 | 14 | 15 | 16 | 17 | 18 | 19 | 20 | 21 | 22 | 23 | 24 | 25 | 26 | 27 | 28 | 29 | 30 |
NEXT HOP   :  0 |  0 |  2 |  2 |  0 |  5 |254 |255 |255 |255 |255 |255 |255 |255 |255 |255 |255 |255 |255 |255 |255 |255 |255 |255 |255 |255 |255 |255 |255 |255 |255 |
RCV -- ROUTE_UPDATE, 255= invalid dest., 254 end of reachable destinations
DESTINATION:  0 |  1 |  2 |  3 |  4 |  5 |  6 |  7 |  8 |  9 | 10 | 11 | 12 | 13 | 14 | 15 | 16 | 17 | 18 | 19 | 20 | 21 | 22 | 23 | 24 | 25 | 26 | 27 | 28 | 29 | 30 |
NEXT HOP   :  0 |  0 |  2 |  0 |  0 |  5 |254 |255 |255 |255 |255 |255 |255 |255 |255 |255 |255 |255 |255 |255 |255 |255 |255 |255 |255 |255 |255 |255 |255 |255 |255 |
SEND - TOPOLOGY_UPDATE
RCV -- ROUTE_UPDATE, 255= invalid dest., 254 end of reachable destinations
DESTINATION:  0 |  1 |  2 |  3 |  4 |  5 |  6 |  7 |  8 |  9 | 10 | 11 | 12 | 13 | 14 | 15 | 16 | 17 | 18 | 19 | 20 | 21 | 22 | 23 | 24 | 25 | 26 | 27 | 28 | 29 | 30 |
NEXT HOP   :  0 |  0 |  2 |  2 |  0 |  5 |254 |255 |255 |255 |255 |255 |255 |255 |255 |255 |255 |255 |255 |255 |255 |255 |255 |255 |255 |255 |255 |255 |255 |255 |255 |
SEND - TOPOLOGY_UPDATE
SEND - TOPOLOGY_UPDATE
SEND - TOPOLOGY_UPDATE
SEND - TOPOLOGY_UPDATE
SEND - TOPOLOGY_UPDATE
SEND - TOPOLOGY_UPDATE
SEND - TOPOLOGY_UPDATE
SEND - TOPOLOGY_UPDATE
SEND - TOPOLOGY_UPDATE
RCV -- ROUTE_UPDATE, 255= invalid dest., 254 end of reachable destinations
DESTINATION:  0 |  1 |  2 |  3 |  4 |  5 |  6 |  7 |  8 |  9 | 10 | 11 | 12 | 13 | 14 | 15 | 16 | 17 | 18 | 19 | 20 | 21 | 22 | 23 | 24 | 25 | 26 | 27 | 28 | 29 | 30 |
NEXT HOP   :  2 |  2 |  2 |  2 |  2 |  5 |254 |255 |255 |255 |255 |255 |255 |255 |255 |255 |255 |255 |255 |255 |255 |255 |255 |255 |255 |255 |255 |255 |255 |255 |255 |
RCV -- ROUTE_UPDATE, 255= invalid dest., 254 end of reachable destinations
DESTINATION:  0 |  1 |  2 |  3 |  4 |  5 |  6 |  7 |  8 |  9 | 10 | 11 | 12 | 13 | 14 | 15 | 16 | 17 | 18 | 19 | 20 | 21 | 22 | 23 | 24 | 25 | 26 | 27 | 28 | 29 | 30 |
NEXT HOP   :255 |  2 |  2 |  2 |  2 |  5 |254 |255 |255 |255 |255 |255 |255 |255 |255 |255 |255 |255 |255 |255 |255 |255 |255 |255 |255 |255 |255 |255 |255 |255 |255 |
SEND - TOPOLOGY_UPDATE
RCV -- ROUTE_UPDATE, 255= invalid dest., 254 end of reachable destinations
DESTINATION:  0 |  1 |  2 |  3 |  4 |  5 |  6 |  7 |  8 |  9 | 10 | 11 | 12 | 13 | 14 | 15 | 16 | 17 | 18 | 19 | 20 | 21 | 22 | 23 | 24 | 25 | 26 | 27 | 28 | 29 | 30 |
NEXT HOP   :255 |  2 |  2 |  2 |  2 |  5 |254 |255 |255 |255 |255 |255 |255 |255 |255 |255 |255 |255 |255 |255 |255 |255 |255 |255 |255 |255 |255 |255 |255 |255 |255 |
SEND - TOPOLOGY_UPDATE
SEND - TOPOLOGY_UPDATE
SEND - TOPOLOGY_UPDATE
RCV -- ROUTE_UPDATE, 255= invalid dest., 254 end of reachable destinations
DESTINATION:  0 |  1 |  2 |  3 |  4 |  5 |  6 |  7 |  8 |  9 | 10 | 11 | 12 | 13 | 14 | 15 | 16 | 17 | 18 | 19 | 20 | 21 | 22 | 23 | 24 | 25 | 26 | 27 | 28 | 29 | 30 |
NEXT HOP   :255 |  2 |  2 |  2 |  2 |  5 |254 |255 |255 |255 |255 |255 |255 |255 |255 |255 |255 |255 |255 |255 |255 |255 |255 |255 |255 |255 |255 |255 |255 |255 |255 |
RCV -- ROUTE_UPDATE, 255= invalid dest., 254 end of reachable destinations
DESTINATION:  0 |  1 |  2 |  3 |  4 |  5 |  6 |  7 |  8 |  9 | 10 | 11 | 12 | 13 | 14 | 15 | 16 | 17 | 18 | 19 | 20 | 21 | 22 | 23 | 24 | 25 | 26 | 27 | 28 | 29 | 30 |
NEXT HOP   :  0 |  2 |  2 |  2 |  2 |  5 |254 |255 |255 |255 |255 |255 |255 |255 |255 |255 |255 |255 |255 |255 |255 |255 |255 |255 |255 |255 |255 |255 |255 |255 |255 |
RCV -- ROUTE_UPDATE, 255= invalid dest., 254 end of reachable destinations
DESTINATION:  0 |  1 |  2 |  3 |  4 |  5 |  6 |  7 |  8 |  9 | 10 | 11 | 12 | 13 | 14 | 15 | 16 | 17 | 18 | 19 | 20 | 21 | 22 | 23 | 24 | 25 | 26 | 27 | 28 | 29 | 30 |
NEXT HOP   :  0 |  0 |  2 |  2 |  0 |  5 |254 |255 |255 |255 |255 |255 |255 |255 |255 |255 |255 |255 |255 |255 |255 |255 |255 |255 |255 |255 |255 |255 |255 |255 |255 |
RCV -- ROUTE_UPDATE, 255= invalid dest., 254 end of reachable destinations
DESTINATION:  0 |  1 |  2 |  3 |  4 |  5 |  6 |  7 |  8 |  9 | 10 | 11 | 12 | 13 | 14 | 15 | 16 | 17 | 18 | 19 | 20 | 21 | 22 | 23 | 24 | 25 | 26 | 27 | 28 | 29 | 30 |
NEXT HOP   :  0 |  0 |  2 |  0 |  0 |  5 |254 |255 |255 |255 |255 |255 |255 |255 |255 |255 |255 |255 |255 |255 |255 |255 |255 |255 |255 |255 |255 |255 |255 |255 |255 |
SEND - TOPOLOGY_UPDATE
RCV -- ROUTE_UPDATE, 255= invalid dest., 254 end of reachable destinations
DESTINATION:  0 |  1 |  2 |  3 |  4 |  5 |  6 |  7 |  8 |  9 | 10 | 11 | 12 | 13 | 14 | 15 | 16 | 17 | 18 | 19 | 20 | 21 | 22 | 23 | 24 | 25 | 26 | 27 | 28 | 29 | 30 |
NEXT HOP   :  0 |  0 |  2 |  2 |  0 |  5 |254 |255 |255 |255 |255 |255 |255 |255 |255 |255 |255 |255 |255 |255 |255 |255 |255 |255 |255 |255 |255 |255 |255 |255 |255 |
RCV -- ROUTE_UPDATE, 255= invalid dest., 254 end of reachable destinations
DESTINATION:  0 |  1 |  2 |  3 |  4 |  5 |  6 |  7 |  8 |  9 | 10 | 11 | 12 | 13 | 14 | 15 | 16 | 17 | 18 | 19 | 20 | 21 | 22 | 23 | 24 | 25 | 26 | 27 | 28 | 29 | 30 |
NEXT HOP   :  0 |  0 |  2 |  0 |  0 |  5 |254 |255 |255 |255 |255 |255 |255 |255 |255 |255 |255 |255 |255 |255 |255 |255 |255 |255 |255 |255 |255 |255 |255 |255 |255 |
SEND - TOPOLOGY_UPDATE
RCV -- ROUTE_UPDATE, 255= invalid dest., 254 end of reachable destinations
DESTINATION:  0 |  1 |  2 |  3 |  4 |  5 |  6 |  7 |  8 |  9 | 10 | 11 | 12 | 13 | 14 | 15 | 16 | 17 | 18 | 19 | 20 | 21 | 22 | 23 | 24 | 25 | 26 | 27 | 28 | 29 | 30 |
NEXT HOP   :  0 |  0 |  2 |  2 |  0 |  5 |254 |255 |255 |255 |255 |255 |255 |255 |255 |255 |255 |255 |255 |255 |255 |255 |255 |255 |255 |255 |255 |255 |255 |255 |255 |
RCV -- ROUTE_UPDATE, 255= invalid dest., 254 end of reachable destinations
DESTINATION:  0 |  1 |  2 |  3 |  4 |  5 |  6 |  7 |  8 |  9 | 10 | 11 | 12 | 13 | 14 | 15 | 16 | 17 | 18 | 19 | 20 | 21 | 22 | 23 | 24 | 25 | 26 | 27 | 28 | 29 | 30 |
NEXT HOP   :  0 |  0 |  2 |  0 |  0 |  5 |254 |255 |255 |255 |255 |255 |255 |255 |255 |255 |255 |255 |255 |255 |255 |255 |255 |255 |255 |255 |255 |255 |255 |255 |255 |
SEND - TOPOLOGY_UPDATE
RCV -- ROUTE_UPDATE, 255= invalid dest., 254 end of reachable destinations
DESTINATION:  0 |  1 |  2 |  3 |  4 |  5 |  6 |  7 |  8 |  9 | 10 | 11 | 12 | 13 | 14 | 15 | 16 | 17 | 18 | 19 | 20 | 21 | 22 | 23 | 24 | 25 | 26 | 27 | 28 | 29 | 30 |
NEXT HOP   :  0 |  0 |  2 |  2 |  0 |  5 |254 |255 |255 |255 |255 |255 |255 |255 |255 |255 |255 |255 |255 |255 |255 |255 |255 |255 |255 |255 |255 |255 |255 |255 |255 |
SEND - TOPOLOGY_UPDATE
SEND - TOPOLOGY_UPDATE
